20.68106	-0.13909
20.71491	-0.13927
20.77903	-0.14165
20.81256	-0.14282
20.84448	-0.14386
20.90854	-0.14609
20.93337	-0.14697
20.96785	-0.14873
21.03349	-0.15126
21.06497	-0.15225
21.09878	-0.15380
21.16204	-0.15645
21.19446	-0.15844
21.22702	-0.15918
21.29208	-0.16268
21.32515	-0.16383
21.35933	-0.16587
21.42327	-0.16863
21.45987	-0.17074
21.49443	-0.17223
21.55916	-0.17580
21.59246	-0.17798
21.62455	-0.17946
21.69191	-0.18315
21.72237	-0.18547
21.75636	-0.18769
21.82135	-0.19159
21.85524	-0.19368
21.91956	-0.19797
21.95168	-0.20035
21.97749	-0.20287
22.04330	-0.20791
22.07480	-0.21061
22.10846	-0.21342
22.17211	-0.21943
22.20821	-0.22225
22.23829	-0.22541
22.30671	-0.23192
22.33666	-0.23530
22.36855	-0.23900
22.43542	-0.24622
22.46730	-0.24960
22.50514	-0.25383
22.57154	-0.26193
22.60391	-0.26630
22.63759	-0.27105
22.70275	-0.28078
22.73557	-0.28578
22.76798	-0.29112
22.83311	-0.30155
22.86548	-0.30781
22.89798	-0.31461
22.96254	-0.32774
22.99562	-0.33547
23.01501	-0.34348
23.08009	-0.36047
23.11305	-0.36924
23.17836	-0.38936
23.21031	-0.40021
23.24290	-0.41175
23.30892	-0.43673
23.34100	-0.45003
23.37390	-0.46396
23.43902	-0.49499
23.47118	-0.51176
23.50550	-0.52980
23.57370	-0.56884
23.60596	-0.58965
23.64030	-0.61156
23.70358	-0.65728
23.73671	-0.68129
23.76792	-0.70720
23.83682	-0.76050
23.86742	-0.78803
23.90190	-0.81638
23.96748	-0.87732
24.00022	-0.90894
24.03131	-0.94031
24.09231	-1.00796
24.12298	-1.04266
24.15638	-1.07878
24.22183	-1.15051
24.25356	-1.18792
24.28695	-1.22607
24.35157	-1.30212
24.38387	-1.34052
24.44902	-1.41581
24.48282	-1.45323
24.51492	-1.49108
24.58511	-1.56413
24.61799	-1.60203
24.65224	-1.63958
24.71877	-1.71430
24.74918	-1.75185
24.78293	-1.79027
24.84917	-1.86859
24.88082	-1.90898
24.91474	-1.95031
24.98225	-2.03223
25.01218	-2.07493
