0.66558	0.00164
1.18390	0.00148
1.67531	0.00108
2.16404	0.00060
2.64109	-0.00004
3.13367	-0.00071
3.61654	-0.00152
4.11255	-0.00240
4.59381	-0.00334
5.09016	-0.00433
5.57287	-0.00542
6.06812	-0.00659
6.54430	-0.00789
7.03731	-0.00919
7.52186	-0.01063
8.01767	-0.01215
8.49980	-0.01375
8.99559	-0.01541
9.47733	-0.01722
9.96897	-0.01915
10.46320	-0.02121
10.93992	-0.02343
11.46597	-0.02590
11.95020	-0.02835
12.44674	-0.03091
12.92812	-0.03371
13.42298	-0.03671
13.90391	-0.03997
14.40120	-0.04341
14.87695	-0.04709
15.37023	-0.05109
15.85468	-0.05544
16.35278	-0.06016
16.83210	-0.06532
17.32773	-0.07101
17.81075	-0.07725
18.30276	-0.08428
18.79707	-0.09216
19.27272	-0.10118
19.76746	-0.11160
20.25151	-0.12402
20.74650	-0.13915
21.22707	-0.15798
21.72375	-0.18304
22.23853	-0.22119
22.73435	-0.27854
23.21026	-0.38529
23.70444	-0.50000
