0.9492627	0.0119263	0.0566065	0.0007793
0.9496484	0.0162329	0.0035493	0.0011658
0.9982568	0.0213599	0.0035186	0.0010591
1.0869434	0.0309570	0.0054065	0.0011394
1.2145947	0.0455054	0.0076591	0.0011732
1.3376221	0.0603857	0.0069980	0.0010793
1.5652295	0.0898315	0.0118688	0.0010041
1.7247217	0.1243213	0.0020335	0.0006550
1.8263184	0.1777539	0.0009153	0.0009621
1.9090039	0.2562476	0.0009101	0.0004843
1.9918115	0.3666626	0.0013024	0.0009485
2.0844336	0.5233228	0.0015163	0.0011775
2.1970898	0.7541016	0.0009359	0.0007938
2.2217236	0.8120410	0.0005967	0.0011903
2.2508594	0.8762671	0.0008090	0.0006664
2.2753418	0.9349146	0.0005760	0.0005755
2.2999219	0.9914624	0.0007789	0.0007505
2.3283350	1.0562744	0.0017773	0.0011651
2.3526855	1.1139502	0.0018351	0.0011003
2.3781348	1.1777002	0.0010275	0.0011891
2.4023437	1.2374780	0.0005780	0.0010141
2.4284521	1.2998877	0.0023255	0.0012106
2.4515967	1.3594897	0.0013768	0.0008793
2.4782471	1.4222119	0.0024327	0.0012227
2.5019971	1.4808203	0.0024018	0.0012166
2.5256201	1.5452246	0.0021068	0.0006564
2.5488672	1.6017554	0.0006543	0.0006767
2.5731592	1.6615283	0.0006315	0.0012119
2.5976123	1.7254004	0.0005967	0.0010919
2.6218750	1.7826196	0.0009819	0.0009175
2.6464160	1.8473926	0.0006518	0.0011277
2.6705566	1.9050757	0.0012465	0.0011437
2.6952490	1.9695630	0.0006704	0.0010806
2.7192334	2.0283325	0.0014721	0.0009678
2.7438525	2.0910132	0.0011511	0.0012202
2.7665088	2.1506445	0.0024202	0.0007196
2.7885889	2.2072119	0.0014849	0.0006757
2.8143701	2.2707495	0.0023748	0.0007295
2.8369287	2.3302173	0.0004632	0.0013382
2.8613184	2.3927612	0.0007245	0.0006617
2.8856006	2.4526978	0.0008198	0.0011825
2.9101270	2.5154761	0.0006548	0.0011563
2.9344336	2.5741724	0.0008350	0.0011862
2.9589453	2.6387549	0.0005337	0.0009089
2.9833105	2.6962842	0.0006495	0.0012006
3.0079980	2.7609473	0.0010312	0.0007822
3.0322656	2.8196973	0.0006543	0.0005423
3.0565527	2.8761450	0.0007192	0.0006287
3.0813867	2.9404077	0.0012491	0.0011919
3.1055762	2.9983154	0.0008944	0.0007720
