20.68057	-0.23809
20.71473	-0.23914
20.78071	-0.24183
20.81233	-0.24387
20.84326	-0.24476
20.90898	-0.24843
20.93487	-0.24972
20.96824	-0.25156
21.03277	-0.25514
21.06615	-0.25654
21.09753	-0.25872
21.16477	-0.26180
21.19552	-0.26376
21.23014	-0.26596
21.29482	-0.26919
21.32880	-0.27116
21.36083	-0.27339
21.42594	-0.27712
21.46271	-0.27896
21.49673	-0.28098
21.56217	-0.28560
21.59374	-0.28788
21.62747	-0.28996
21.69162	-0.29434
21.72481	-0.29631
21.75775	-0.29835
21.82327	-0.30260
21.85667	-0.30505
21.92196	-0.30980
21.95320	-0.31239
21.97765	-0.31497
22.04421	-0.32006
22.07582	-0.32277
22.10898	-0.32569
22.17358	-0.33172
22.20665	-0.33449
22.23894	-0.33726
22.30638	-0.34396
22.33910	-0.34671
22.37220	-0.34992
22.43613	-0.35656
22.46928	-0.36039
22.50719	-0.36381
22.57192	-0.37112
22.60481	-0.37484
22.63789	-0.37889
22.70309	-0.38709
22.73584	-0.39097
22.76719	-0.39548
22.83311	-0.40432
22.86610	-0.40883
22.89853	-0.41362
22.96392	-0.42314
22.99646	-0.42821
23.01535	-0.43391
23.08088	-0.44456
23.11366	-0.45091
23.17925	-0.46209
23.21131	-0.46878
23.24345	-0.47538
23.30886	-0.48900
23.34207	-0.49639
23.37474	-0.50406
23.44070	-0.52004
23.47227	-0.52855
23.50492	-0.53767
23.57395	-0.55647
23.60753	-0.56654
23.64038	-0.57729
23.70589	-0.59908
23.73850	-0.61081
23.77236	-0.62313
23.83526	-0.64973
23.86882	-0.66434
23.90209	-0.67981
23.96807	-0.71296
23.99967	-0.73083
24.03355	-0.74988
24.09111	-0.78962
24.12375	-0.81194
24.15709	-0.83528
24.22201	-0.88601
24.25508	-0.91381
24.28639	-0.94142
24.35359	-1.00491
24.38539	-1.03942
24.45145	-1.11255
24.48537	-1.15245
24.51668	-1.19444
24.58610	-1.28118
24.61917	-1.32915
24.65255	-1.37793
24.71891	-1.47916
24.75153	-1.53335
24.78245	-1.58727
24.84937	-1.70084
24.88289	-1.75979
24.91582	-1.81893
24.98083	-1.94110
25.01350	-2.00479
