20.68179	-0.14513
20.71550	-0.14618
20.78122	-0.14865
20.81388	-0.14924
20.84479	-0.15077
20.91088	-0.15340
20.93617	-0.15419
20.96777	-0.15608
21.03220	-0.15870
21.06430	-0.16003
21.09672	-0.16122
21.16252	-0.16401
21.19470	-0.16594
21.22813	-0.16745
21.29320	-0.17070
21.32767	-0.17189
21.36022	-0.17343
21.42451	-0.17695
21.46291	-0.17833
21.49639	-0.18052
21.56093	-0.18363
21.59281	-0.18567
21.62664	-0.18791
21.69105	-0.19163
21.72511	-0.19335
21.75729	-0.19551
21.82224	-0.20011
21.85591	-0.20242
21.92155	-0.20678
21.95331	-0.20903
21.97907	-0.21159
22.04413	-0.21681
22.07674	-0.21934
22.11022	-0.22208
22.17501	-0.22738
22.20834	-0.23041
22.24074	-0.23366
22.30392	-0.23950
22.33720	-0.24304
22.37140	-0.24654
22.43612	-0.25341
22.47136	-0.25652
22.50668	-0.26077
22.57135	-0.26853
22.60539	-0.27291
22.63755	-0.27698
22.70285	-0.28583
22.73620	-0.29068
22.76857	-0.29561
22.83387	-0.30520
22.86678	-0.31064
22.89857	-0.31695
22.96431	-0.32884
22.99631	-0.33527
23.01523	-0.34243
23.08049	-0.35719
23.11328	-0.36528
23.17892	-0.38288
23.21072	-0.39206
23.24315	-0.40175
23.31111	-0.42260
23.34150	-0.43387
23.37548	-0.44590
23.43979	-0.47124
23.47218	-0.48519
23.50501	-0.50024
23.57680	-0.53288
23.60702	-0.55081
23.64020	-0.56967
23.70575	-0.60997
23.73709	-0.63168
23.76966	-0.65490
23.83604	-0.70524
23.86929	-0.73175
23.90367	-0.76001
23.96871	-0.81884
24.00263	-0.84960
24.03293	-0.88239
24.09091	-0.94872
24.12391	-0.98378
24.15645	-1.02061
24.22196	-1.09454
24.25460	-1.13325
24.28803	-1.17345
24.35159	-1.25336
24.38464	-1.29296
24.45088	-1.37753
24.48349	-1.42049
24.51659	-1.46152
24.58726	-1.54774
24.62008	-1.58991
24.65351	-1.63369
24.71925	-1.72151
24.75242	-1.76523
24.78367	-1.81027
24.84880	-1.89921
24.88257	-1.94454
24.91570	-1.98919
24.98086	-2.08050
25.01362	-2.12619
