18.00544	-0.08063
18.07231	-0.08138
18.13603	-0.08290
18.20156	-0.08342
18.26860	-0.08476
18.33877	-0.08551
18.40423	-0.08647
18.46904	-0.08782
18.56751	-0.08945
18.63308	-0.09035
18.69848	-0.09121
18.76348	-0.09261
18.82860	-0.09328
18.88104	-0.09512
18.94632	-0.09577
19.01125	-0.09751
19.07614	-0.09856
19.14154	-0.10007
19.20662	-0.10086
19.27196	-0.10247
19.33714	-0.10357
19.40596	-0.10500
19.47135	-0.10654
19.56932	-0.10859
19.63602	-0.10993
19.70063	-0.11182
19.76594	-0.11289
19.83265	-0.11469
19.89063	-0.11642
19.95605	-0.11776
20.02153	-0.11967
20.08618	-0.12157
20.15157	-0.12293
20.21774	-0.12465
20.28253	-0.12692
20.34857	-0.12889
20.41851	-0.13056
20.51824	-0.13396
20.58286	-0.13577
20.64780	-0.13817
20.71436	-0.13994
20.77926	-0.14221
20.84443	-0.14410
20.90911	-0.14654
20.96776	-0.14906
21.03188	-0.15166
21.09835	-0.15433
21.16175	-0.15772
21.22641	-0.16075
21.29253	-0.16356
21.35793	-0.16632
21.42262	-0.16996
21.52672	-0.17528
21.59291	-0.17843
21.65750	-0.18275
21.72292	-0.18638
21.78837	-0.19055
21.85472	-0.19529
21.91934	-0.19986
21.97649	-0.20481
22.04205	-0.20990
22.10801	-0.21506
22.17332	-0.22081
22.24167	-0.22719
22.30458	-0.23417
22.36944	-0.24110
22.43395	-0.24836
22.53896	-0.26054
22.60413	-0.26911
22.66894	-0.27864
22.73588	-0.28936
22.80088	-0.29962
22.86611	-0.31214
22.93079	-0.32512
22.99587	-0.34020
23.04779	-0.35692
23.11270	-0.37568
23.17771	-0.39651
23.24317	-0.41949
23.30840	-0.44518
23.37310	-0.47360
23.47149	-0.52309
23.53981	-0.56097
23.60826	-0.60233
23.67049	-0.64745
23.73713	-0.69648
23.80149	-0.74946
23.86700	-0.80543
23.93304	-0.86609
24.00038	-0.92864
24.05810	-0.99618
24.12295	-1.06683
24.18841	-1.13916
24.25370	-1.21317
24.31801	-1.28899
24.38384	-1.36503
24.48299	-1.47795
24.54969	-1.55043
24.61904	-1.62504
24.68509	-1.70139
